0,0,20836.0
1,0,19311.0
10,0,20183.0
100,0,20718.0
101,0,20232.0
102,0,20492.0
103,0,20778.0
104,0,21102.0
105,0,20748.0
106,0,19454.0
107,0,20119.0
108,0,20312.0
109,0,20715.0
11,0,19914.0
110,0,20063.0
111,0,20791.0
112,0,20035.0
113,0,20036.0
114,0,20018.0
115,0,19926.0
116,0,20670.0
117,0,19726.0
118,0,19860.0
119,0,19838.0
12,0,20780.0
120,0,20242.0
121,0,20871.0
122,0,20887.0
123,0,21754.0
124,0,21205.0
125,0,21575.0
126,0,20679.0
127,0,20381.0
128,0,20392.0
129,0,20472.0
13,0,20009.0
130,0,20676.0
131,0,20312.0
132,0,19840.0
133,0,20109.0
134,0,20449.0
135,0,21129.0
136,0,21009.0
137,0,20218.0
138,0,20406.0
139,0,20468.0
14,0,19703.0
140,0,19875.0
141,0,20171.0
142,0,21010.0
143,0,20224.0
144,0,20274.0
145,0,20533.0
146,0,20515.0
147,0,20409.0
148,0,20393.0
149,0,20127.0
15,0,20259.0
150,0,20622.0
151,0,20017.0
152,0,20395.0
153,0,21257.0
154,0,19808.0
155,0,19819.0
156,0,20218.0
157,0,20370.0
158,0,20138.0
159,0,20338.0
16,0,21449.0
160,0,19692.0
161,0,20426.0
162,0,19384.0
163,0,20403.0
164,0,19536.0
165,0,20124.0
166,0,19897.0
167,0,20432.0
168,0,19742.0
169,0,20513.0
17,0,19759.0
170,0,20546.0
171,0,19947.0
172,0,19856.0
173,0,20863.0
174,0,20235.0
175,0,19572.0
176,0,20994.0
177,0,20507.0
178,0,19785.0
179,0,19921.0
18,0,20141.0
180,0,20729.0
181,0,20576.0
182,0,20487.0
183,0,19707.0
184,0,20433.0
185,0,19439.0
186,0,20385.0
187,0,20808.0
188,0,20341.0
189,0,20922.0
19,0,21001.0
190,0,21934.0
191,0,20614.0
192,0,20861.0
193,0,20359.0
194,0,20719.0
195,0,20167.0
196,0,20031.0
197,0,20515.0
198,0,19111.0
199,0,20107.0
2,0,20374.0
20,0,19624.0
200,0,21127.0
201,0,19897.0
202,0,19856.0
203,0,19432.0
204,0,20597.0
205,0,19871.0
206,0,20095.0
207,0,20010.0
208,0,19598.0
209,0,20629.0
21,0,20424.0
210,0,21474.0
211,0,20227.0
212,0,20530.0
213,0,20399.0
214,0,20430.0
215,0,20496.0
216,0,21232.0
217,0,19994.0
218,0,20042.0
219,0,20576.0
22,0,20545.0
220,0,20869.0
221,0,20448.0
222,0,20148.0
223,0,20851.0
224,0,20575.0
225,0,20226.0
226,0,20122.0
227,0,19755.0
228,0,19478.0
229,0,19923.0
23,0,20379.0
230,0,20635.0
231,0,20441.0
232,0,20178.0
233,0,20316.0
234,0,20322.0
235,0,19090.0
236,0,19959.0
237,0,20814.0
238,0,20703.0
239,0,20855.0
24,0,20432.0
240,0,19356.0
241,0,19891.0
242,0,20043.0
243,0,19377.0
244,0,20232.0
245,0,20639.0
246,0,20107.0
247,0,20324.0
248,0,20672.0
249,0,20451.0
25,0,19991.0
250,0,19778.0
251,0,20532.0
252,0,19815.0
253,0,20279.0
254,0,21613.0
255,0,20781.0
256,0,20583.0
257,0,20216.0
258,0,20568.0
259,0,20384.0
26,0,20833.0
260,0,19806.0
261,0,20426.0
262,0,19287.0
263,0,20030.0
264,0,20679.0
265,0,19870.0
266,0,19850.0
267,0,20583.0
268,0,20572.0
269,0,20964.0
27,0,20766.0
270,0,20035.0
271,0,20618.0
272,0,19597.0
273,0,20205.0
274,0,19676.0
275,0,20659.0
276,0,19928.0
277,0,20577.0
278,0,19851.0
279,0,21571.0
28,0,20214.0
280,0,20736.0
281,0,20240.0
282,0,19906.0
283,0,20995.0
284,0,21023.0
285,0,20647.0
286,0,20551.0
287,0,20257.0
288,0,20142.0
289,0,19862.0
29,0,19701.0
290,0,20334.0
291,0,19948.0
292,0,20892.0
293,0,21234.0
294,0,20191.0
295,0,20440.0
296,0,20465.0
297,0,19957.0
298,0,20363.0
299,0,19817.0
3,0,20313.0
30,0,19361.0
300,0,20222.0
301,0,19845.0
302,0,20436.0
303,0,19664.0
304,0,20251.0
305,0,19561.0
306,0,20607.0
307,0,20974.0
308,0,19986.0
309,0,20009.0
31,0,20090.0
310,0,19923.0
311,0,19830.0
312,0,19343.0
313,0,20067.0
314,0,20969.0
315,0,20521.0
316,0,20714.0
317,0,20000.0
318,0,20520.0
319,0,21273.0
32,0,20257.0
320,0,19746.0
321,0,19334.0
322,0,20409.0
323,0,20171.0
324,0,20321.0
325,0,20270.0
326,0,20413.0
327,0,20547.0
328,0,20404.0
329,0,20234.0
33,0,20673.0
330,0,20956.0
331,0,20152.0
332,0,19996.0
333,0,21140.0
334,0,19688.0
335,0,20807.0
336,0,20801.0
337,0,20823.0
338,0,20556.0
339,0,20330.0
34,0,20081.0
340,0,21217.0
341,0,19920.0
342,0,20563.0
343,0,20436.0
344,0,20154.0
345,0,20204.0
346,0,20373.0
347,0,19700.0
348,0,20024.0
349,0,19820.0
35,0,19938.0
350,0,19800.0
351,0,20768.0
352,0,20984.0
353,0,20166.0
354,0,19902.0
355,0,19881.0
356,0,19982.0
357,0,21539.0
358,0,21142.0
359,0,20244.0
36,0,20547.0
360,0,20915.0
361,0,21524.0
362,0,20624.0
363,0,20285.0
364,0,20044.0
365,0,20917.0
366,0,19977.0
367,0,20453.0
368,0,20330.0
369,0,20198.0
37,0,20893.0
370,0,20816.0
371,0,20742.0
372,0,20676.0
373,0,20530.0
374,0,19574.0
375,0,21014.0
376,0,20972.0
377,0,20591.0
378,0,20826.0
379,0,19756.0
38,0,20475.0
380,0,20488.0
381,0,19710.0
382,0,19968.0
383,0,21011.0
384,0,19921.0
385,0,20187.0
386,0,20554.0
387,0,20644.0
388,0,19827.0
389,0,21567.0
39,0,20073.0
390,0,20579.0
391,0,19559.0
392,0,20056.0
393,0,20562.0
394,0,19544.0
395,0,20212.0
396,0,19560.0
397,0,19279.0
398,0,20760.0
399,0,19653.0
4,0,20819.0
40,0,20744.0
400,0,20911.0
401,0,21048.0
402,0,20941.0
403,0,19934.0
404,0,20859.0
405,0,20641.0
406,0,20753.0
407,0,20482.0
408,0,20713.0
409,0,21086.0
41,0,20289.0
410,0,20534.0
411,0,19288.0
412,0,19475.0
413,0,21219.0
414,0,20232.0
415,0,20445.0
416,0,20211.0
417,0,20426.0
418,0,20906.0
419,0,20578.0
42,0,19472.0
420,0,19402.0
421,0,19726.0
422,0,20643.0
423,0,20000.0
424,0,20547.0
425,0,20604.0
426,0,20185.0
427,0,20154.0
428,0,20971.0
429,0,21266.0
43,0,21034.0
430,0,20015.0
431,0,19573.0
432,0,20959.0
433,0,19715.0
434,0,20877.0
435,0,20983.0
436,0,20212.0
437,0,19837.0
438,0,20902.0
439,0,20904.0
44,0,20659.0
440,0,20490.0
441,0,20969.0
442,0,20570.0
443,0,19937.0
444,0,20752.0
445,0,20024.0
446,0,20682.0
447,0,19870.0
448,0,21219.0
449,0,20708.0
45,0,20999.0
450,0,20165.0
451,0,20468.0
452,0,20872.0
453,0,19944.0
454,0,19714.0
455,0,20202.0
456,0,20623.0
457,0,20118.0
458,0,20112.0
459,0,20372.0
46,0,20565.0
460,0,20146.0
461,0,20019.0
462,0,20479.0
463,0,20656.0
464,0,20068.0
465,0,20726.0
466,0,20598.0
467,0,19985.0
468,0,20463.0
469,0,19655.0
47,0,20735.0
470,0,20652.0
471,0,20588.0
472,0,20575.0
473,0,19579.0
474,0,20592.0
475,0,19970.0
476,0,20936.0
477,0,20681.0
478,0,20638.0
479,0,20640.0
48,0,19838.0
480,0,19999.0
481,0,19968.0
482,0,20425.0
483,0,20494.0
484,0,20378.0
485,0,20504.0
486,0,19929.0
487,0,20452.0
488,0,20770.0
489,0,20208.0
49,0,20410.0
490,0,20615.0
491,0,20404.0
492,0,21002.0
493,0,20303.0
494,0,19708.0
495,0,20632.0
496,0,20797.0
497,0,19853.0
498,0,19901.0
499,0,19555.0
5,0,20765.0
50,0,21395.0
500,0,20346.0
501,0,21830.0
502,0,20799.0
503,0,21255.0
504,0,19709.0
505,0,20011.0
506,0,20370.0
507,0,20485.0
508,0,20352.0
509,0,19887.0
51,0,19980.0
510,0,20307.0
511,0,20066.0
512,0,19760.0
513,0,20444.0
514,0,20004.0
515,0,19617.0
516,0,20821.0
517,0,19541.0
518,0,20562.0
519,0,20015.0
52,0,20435.0
520,0,22234.0
521,0,20658.0
522,0,20669.0
523,0,20018.0
524,0,19703.0
525,0,19513.0
526,0,20301.0
527,0,20690.0
528,0,20687.0
529,0,19526.0
53,0,20029.0
530,0,20048.0
531,0,20067.0
532,0,20455.0
533,0,19781.0
534,0,20594.0
535,0,20129.0
536,0,20166.0
537,0,20657.0
538,0,20920.0
539,0,19782.0
54,0,21077.0
540,0,19694.0
541,0,20356.0
542,0,20797.0
543,0,20185.0
544,0,21044.0
545,0,21279.0
546,0,21253.0
547,0,20368.0
548,0,20240.0
549,0,20403.0
55,0,19901.0
550,0,20419.0
551,0,19957.0
552,0,20227.0
553,0,19478.0
554,0,20936.0
555,0,19999.0
556,0,21259.0
557,0,20718.0
558,0,20044.0
559,0,20636.0
56,0,20737.0
560,0,21131.0
561,0,19888.0
562,0,21226.0
563,0,20383.0
564,0,20498.0
565,0,20069.0
566,0,20381.0
567,0,21784.0
568,0,20594.0
569,0,20167.0
57,0,20721.0
570,0,20469.0
571,0,20446.0
572,0,20125.0
573,0,20383.0
574,0,20233.0
575,0,21159.0
576,0,19552.0
577,0,21424.0
578,0,19855.0
579,0,19846.0
58,0,21422.0
580,0,19961.0
581,0,20006.0
582,0,20395.0
583,0,19777.0
584,0,20720.0
585,0,20342.0
586,0,20531.0
587,0,20400.0
588,0,20649.0
589,0,19878.0
59,0,20910.0
590,0,20536.0
591,0,20474.0
592,0,21313.0
593,0,19921.0
594,0,19791.0
595,0,20527.0
596,0,19482.0
597,0,19577.0
598,0,19823.0
599,0,20323.0
6,0,20243.0
60,0,20377.0
600,0,19770.0
601,0,19957.0
602,0,20389.0
603,0,19535.0
604,0,20094.0
605,0,19982.0
606,0,20237.0
607,0,19768.0
608,0,20900.0
609,0,20289.0
61,0,19950.0
610,0,20197.0
611,0,20284.0
612,0,20187.0
613,0,20905.0
614,0,21187.0
615,0,20073.0
616,0,19246.0
617,0,20701.0
618,0,20689.0
619,0,19250.0
62,0,20878.0
620,0,20202.0
621,0,19422.0
622,0,20794.0
623,0,21326.0
624,0,20280.0
625,0,20917.0
626,0,19433.0
627,0,21148.0
628,0,20057.0
629,0,20063.0
63,0,19681.0
630,0,19456.0
631,0,20251.0
632,0,19217.0
633,0,20065.0
634,0,21445.0
635,0,20847.0
636,0,19518.0
637,0,21709.0
638,0,19708.0
639,0,20242.0
64,0,20695.0
640,0,21046.0
641,0,19386.0
642,0,19868.0
643,0,20125.0
644,0,20456.0
645,0,20804.0
646,0,20825.0
647,0,19909.0
648,0,19837.0
649,0,20278.0
65,0,20399.0
650,0,20760.0
651,0,19987.0
652,0,20485.0
653,0,20061.0
654,0,21093.0
655,0,19684.0
656,0,20052.0
657,0,20833.0
658,0,20663.0
659,0,19867.0
66,0,20446.0
660,0,21178.0
661,0,20672.0
662,0,19786.0
663,0,20358.0
664,0,21249.0
665,0,20270.0
666,0,20905.0
667,0,20300.0
668,0,20080.0
669,0,20663.0
67,0,19920.0
670,0,20725.0
671,0,20066.0
672,0,21277.0
673,0,19970.0
674,0,19772.0
675,0,20733.0
676,0,20248.0
677,0,19788.0
678,0,20646.0
679,0,20376.0
68,0,20492.0
680,0,19936.0
681,0,20414.0
682,0,19818.0
683,0,20696.0
684,0,21214.0
685,0,19816.0
686,0,20264.0
687,0,19750.0
688,0,21208.0
689,0,19919.0
69,0,20510.0
690,0,19017.0
691,0,19817.0
692,0,20098.0
693,0,20151.0
694,0,20382.0
695,0,20689.0
696,0,20057.0
697,0,19838.0
698,0,20776.0
699,0,19989.0
7,0,20992.0
70,0,20978.0
700,0,19986.0
701,0,20275.0
702,0,20321.0
703,0,20957.0
704,0,20418.0
705,0,19802.0
706,0,19674.0
707,0,20642.0
708,0,19937.0
709,0,20501.0
71,0,20109.0
710,0,20603.0
711,0,21047.0
712,0,19507.0
713,0,21236.0
714,0,19806.0
715,0,19539.0
716,0,20695.0
717,0,20516.0
718,0,20881.0
719,0,21042.0
72,0,20037.0
720,0,20574.0
721,0,20000.0
722,0,20805.0
723,0,19916.0
724,0,20694.0
725,0,19839.0
726,0,19888.0
727,0,20322.0
728,0,20044.0
729,0,20871.0
73,0,20491.0
730,0,19773.0
731,0,20159.0
732,0,20422.0
733,0,19986.0
734,0,20507.0
735,0,20479.0
736,0,20492.0
737,0,21140.0
738,0,20278.0
739,0,19517.0
74,0,20258.0
740,0,20501.0
741,0,20122.0
742,0,20029.0
743,0,20840.0
744,0,20537.0
745,0,20272.0
746,0,20044.0
747,0,20622.0
748,0,19978.0
749,0,20082.0
75,0,20310.0
750,0,20425.0
751,0,20448.0
752,0,21284.0
753,0,20572.0
754,0,20503.0
755,0,20197.0
756,0,19710.0
757,0,20050.0
758,0,20717.0
759,0,20392.0
76,0,20589.0
760,0,20394.0
761,0,20424.0
762,0,19715.0
763,0,20942.0
764,0,20092.0
765,0,19833.0
766,0,20921.0
767,0,20172.0
768,0,20059.0
769,0,19828.0
77,0,20510.0
770,0,20842.0
771,0,20635.0
772,0,19875.0
773,0,20486.0
774,0,21450.0
775,0,20477.0
776,0,20709.0
777,0,20243.0
778,0,21255.0
779,0,20980.0
78,0,20285.0
780,0,19579.0
781,0,21337.0
782,0,20414.0
783,0,20932.0
784,0,20708.0
785,0,20978.0
786,0,20208.0
787,0,21004.0
788,0,19633.0
789,0,20844.0
79,0,20165.0
790,0,20959.0
791,0,19874.0
792,0,20546.0
793,0,20729.0
794,0,20588.0
795,0,19357.0
796,0,19773.0
797,0,20232.0
798,0,20503.0
799,0,20718.0
8,0,19904.0
80,0,20546.0
800,0,19725.0
801,0,20347.0
802,0,20561.0
803,0,19684.0
804,0,20391.0
805,0,20499.0
806,0,20003.0
807,0,19453.0
808,0,20033.0
809,0,20380.0
81,0,20647.0
810,0,20358.0
811,0,20060.0
812,0,21222.0
813,0,20508.0
814,0,20545.0
815,0,20533.0
816,0,20253.0
817,0,20444.0
818,0,20851.0
819,0,21199.0
82,0,20554.0
820,0,20542.0
821,0,20130.0
822,0,20113.0
823,0,20967.0
824,0,20030.0
825,0,19862.0
826,0,20030.0
827,0,20652.0
828,0,19792.0
829,0,20635.0
83,0,19943.0
830,0,21077.0
831,0,19959.0
832,0,20282.0
833,0,20620.0
834,0,19861.0
835,0,21014.0
836,0,20615.0
837,0,20702.0
838,0,20508.0
839,0,20689.0
84,0,20233.0
840,0,19529.0
841,0,20152.0
842,0,20393.0
843,0,21008.0
844,0,20922.0
845,0,20139.0
846,0,20380.0
847,0,20430.0
848,0,20387.0
849,0,20484.0
85,0,19995.0
850,0,20359.0
851,0,19824.0
852,0,21554.0
853,0,20664.0
854,0,20474.0
855,0,19922.0
856,0,20202.0
857,0,21112.0
858,0,19859.0
859,0,20517.0
86,0,20144.0
860,0,19727.0
861,0,20206.0
862,0,19209.0
863,0,21035.0
864,0,19946.0
865,0,20095.0
866,0,20314.0
867,0,21369.0
868,0,20936.0
869,0,20745.0
87,0,20538.0
870,0,20137.0
871,0,20892.0
872,0,21035.0
873,0,20602.0
874,0,20135.0
875,0,19676.0
876,0,20482.0
877,0,19915.0
878,0,19975.0
879,0,20862.0
88,0,20524.0
880,0,20644.0
881,0,19482.0
882,0,20103.0
883,0,20450.0
884,0,20103.0
885,0,20566.0
886,0,21240.0
887,0,20065.0
888,0,19970.0
889,0,20933.0
89,0,19800.0
890,0,19594.0
891,0,19970.0
892,0,19720.0
893,0,20376.0
894,0,20360.0
895,0,20261.0
896,0,20597.0
897,0,20090.0
898,0,20418.0
899,0,19524.0
9,0,20983.0
90,0,20383.0
900,0,20655.0
901,0,19801.0
902,0,21086.0
903,0,20160.0
904,0,20693.0
905,0,20928.0
906,0,20957.0
907,0,20705.0
908,0,20724.0
909,0,21095.0
91,0,19750.0
910,0,20159.0
911,0,20509.0
912,0,20716.0
913,0,20541.0
914,0,19760.0
915,0,20866.0
916,0,20772.0
917,0,19474.0
918,0,20812.0
919,0,20812.0
92,0,20171.0
920,0,19515.0
921,0,20419.0
922,0,20187.0
923,0,20378.0
924,0,20963.0
925,0,20171.0
926,0,20852.0
927,0,19739.0
928,0,20195.0
929,0,20129.0
93,0,20072.0
930,0,20227.0
931,0,19959.0
932,0,20547.0
933,0,20961.0
934,0,20696.0
935,0,20082.0
936,0,20048.0
937,0,20079.0
938,0,20375.0
939,0,19275.0
94,0,21265.0
940,0,19972.0
941,0,20483.0
942,0,20363.0
943,0,19795.0
944,0,20689.0
945,0,20373.0
946,0,20182.0
947,0,20107.0
948,0,20988.0
949,0,20090.0
95,0,19484.0
950,0,20253.0
951,0,19627.0
952,0,20409.0
953,0,20568.0
954,0,20056.0
955,0,19752.0
956,0,20427.0
957,0,20322.0
958,0,20086.0
959,0,20311.0
96,0,20387.0
960,0,20119.0
961,0,20238.0
962,0,20577.0
963,0,20910.0
964,0,20422.0
965,0,20472.0
966,0,20754.0
967,0,20260.0
968,0,20066.0
969,0,21399.0
97,0,20474.0
970,0,20256.0
971,0,21090.0
972,0,19582.0
973,0,20250.0
974,0,20342.0
975,0,20845.0
976,0,20944.0
977,0,19742.0
978,0,20183.0
979,0,20786.0
98,0,20397.0
980,0,21000.0
981,0,19392.0
982,0,19677.0
983,0,20218.0
984,0,20095.0
985,0,20503.0
986,0,19957.0
987,0,19730.0
988,0,20238.0
989,0,20095.0
99,0,19829.0
990,0,20385.0
991,0,20133.0
992,0,20475.0
993,0,20811.0
994,0,20822.0
995,0,20996.0
996,0,19330.0
997,0,19726.0
998,0,20647.0
999,0,20107.0
